18,3
18,1
14,6
14,1
14,9
7,1
6,6
14,3
6,5
13,1
6,4
13,3
6,1
4,88
4,87
4,86
4,85
4,84
4,83
4,82
4,81
4,80
4,79
4,78
4,77
4,76
4,75
4,74
4,73
4,72
4,71
4,70
4,69
4,68
4,67
4,66
4,65
4,64
4,1
3,3
3,2
3,1
2,2
2,3
2,1
0,9
0,0
212,34
212,33
212,32
212,31
212,30
212,29
212,28
212,27
212,26
212,25
212,24
212,23
212,22
212,21
212,20
212,19
212,18
212,17
212,16
212,15
212,14
212,13
212,12
212,11
212,10
212,9
212,8
212,7
212,6
212,5
212,4
212,3
212,2
212,0
0,450
0,472
0,276
0,275
0,272
0,271
0,12
0,318
0,10
0,471
0,8
0,564
